8 LETTRES DE CAELIL'S A CICssRON

L'inmrot 1111010110 n'est 11115 1110101110 que 1”11110101 111510-
rique. Qud (1110 5011 1011101 (10 la 101110 (1110 (11001011 00111.
qu'il 111550 111111 (10 505 111)111·(ζ·11011510115 011 (10 50510105, (1110
5011 011-111 50 50111010 ‹l'indigl'lalion 011 (1110 5011 1151100
50010110 (11111 50111110, (10’11 1111115111110 011 qu'il 00011550,
(111“11 1111110 1111 5010101010 011 11110 11110110 511115 10111011111100,
(11111 (1001101110 (105 nouvelles (10 111 5111110 011 (11111 0111150 5111
105 111-011111105 questions (111 ι10111, 11 nous captive 01 110115
0111111110 11111· 105 (11011105 (1111111105 (1111 font 1’111111111 (10 ses
(11500015. 0051 111 11101110 1-11110110 (1111111011111111111 01 (10 5011-
111110111, 10 11101110 11110111 (10 1111111111011 01 (10 1101111010, 111
11101110 010(11101100, 10111 00111 remla plus 0111111110111 01 plus
0101111110 11111 1011501100 (10 1101111ιο 0111011111 01 (10 10111 artifice
(10 (1031010100. lei 11115 (10 101111111551100, 11115 (10 1101105 10311οι105
(1051111005 11 (1155111101οΙἱ la 1011110550 (111 fond, 11115 (10 110111-
110111 lieux 0011111111115, 11115 (10 10(11105; mais 1111 1111111101 01
1111 1111110001] (1111 [0100 la 51111111111110. Lo grand styliste 110
1110101 11115 10 10111115 (10 1111101 511 phrase. Toujours 1110550.
1111100 (10’11 051 110551 avide (10 (10111101- (105 nouvelles (1110
(1’011 10001011, 50010111 1111551 1111100 (1110, 105 0011111015 1111011-
(10111, 11101511 11111111, 11 00111, 0011111ιο 11 10 (111, (111115 10 stylo
(10 1005 105 ι101115; 11 11”11 11115 10 10111115 (10 reve—[ir 511 11011500
(105 5011011105 0111011101115 (105 ,101115 (10 1010 011 (10 0011111111. 11
prend 111 1110011010 11101110 (101 1111 10111110 5005 111 main 01,
commo 10 10111 111115 111111 01107. 110115 M¹¹¹C (10 80113110, 11
,10110 11 00110 11101110 111 bride sur 10 0011, 01 1111 1111511111 (105
111111105510115 divers-es, il 0111100110 505 00111111011005 01 011110
5011 010111.

Μ1115 si 00 stylo 051 10 style (10 1005 10510015, 0’051 1011-
101115 10 51110110 (31001011, 0’051-1“1-(111’0 (111 plus 1101111 1111110111-
(10 5011 10111115, 1011101115 011110101110111 (1151111000, quoique
sans 111100 d'appret ni (l'arlifiee. Tolle (1011111 0110, 011 essen

