6 LETTnEs DE CAELIUS A CICERON

1111 011111011Ῑο 11111 105 ycux 11111 111 105-1111110111. .Ῐο 101111 11110
11110 10 1101111111 11110 110115 110115 1111511115 110 (11001011, 011 00111-
1111111111 105 11·111151111“11 110115 101111111 1111115 511 0011051101111111100,
051 11 5011 110111101111111 11 5011 1101111110111 501011 1105 1110111305
1101501111015. (1051 1111151 11110, 1111010 11 5011 5151111110, qui 051
110 1101110101· (11001011 1111 1101101100 110 (105111, Mommsen
111111100ἰο 110 111 11113011 5011111110 105 1011105 110 1110011111 01 10111
111110111- ; (1 (1’051 dans 505 1011105 11110 50 101110111111 10 111115
11110101110111, 5011 image. 011 11 00111111110 110 11110 1111111105 50111.
1111010551111105 01 51111111101105, 01 00111 051 11111. (10110 001105-
1101111111100 051 111101055111110 01 5111111110]Ιο 111111 11111110 1101101111
111 110 01 105 11111111151105 1111111115 11 1101110 1111111115 101115 villas.
Mais 111 011 1001111ῑί11 1111110 110 1111-11101110, 0111111110 (111115 105
1011105 11’οΧ11, 110 (1111010 011 (11111105 Ρ1111151110, 00110 001105-
1101111111100 051 111111οῥ11155111110 01 vido, 0111111110 11011 [111-0110105-
5111101110111 1111110 111111 1011111010111510 1111115111111110 10111 110 5011
111111011 111111111101. » (Histoire romaine, 101. 111, 11. (320 110 111
(“1Ο 011. 111101111111110.) ,1115111111 λ101111115011011 110 5011111 11115 avis&
111111110101 (11001011 1111 1011111010111510. [⁷11 1111110 11110111111111,
Ι)111111111111, dans 51111 Histoire des dernier& [omps de la
mstzchlt'que, 11 1110 1105 1011105 110 (11001011 1111 101111111Ιο
10111115110110 0011110 1111.

ll faut, 110111 1101101· 1111 jugement 11111111111111, 50 110811ςο1
110 101110 111-000011111111011 110111111110. 11 110 111111 11115 11011 111115
1110 005 1011105 011 suvant, ni 11101110 011 11151011011 1101)
01111011Χ 110 110111115 01 11111Ιο 11011111111011. (1 La parole ou la
1111111111, 1111 1011 ι1115101110111 M. Boissiffl, 11011110 111115 110 10100
01 110 00115151111100 11 005 110115005 fugitivos. (10 0011110111 que
1105 00111115; 011 105 11100150, 011 105 11001150 011 105 001“11’11111;
01105 111011110111 11110 11011010, 1111 101101, 11110 111111011111100
(11101105 1101111001 11115 1111115 111 10111110. (105 111111105505 11’1111
moment, 005 5011110005 ridiculos qui naissent 11’11110 11105-

