10 LETTRES DE CAELIL’S A CICERON

(1111, 011 (1001011111111 1110001105 pour 10 1001001, (111011111011110111
011111110100111 11010101 (1051011105 011 115 511111 111101110111105. ll
011 051 5005 00 1111111011 (105 1011105 (10 (Licca-011 00111100 (10
001105 (10 M¹¹¹⁰ (10 50110110 01 50110111 (10 001105 (10 Υ111111110.
1111 10011110 11011 051 1105511110, 01110 01 10101055111110 (1110 5110
[cxlv 051 50111001 00101101 11111 (105 110105 11151011111105 qui
vxpliquont 105 111111510115 (1(1111 01105 50111 1001111105, 10 0111110-
1010 01 11115Ιο110. (105 1101500005 (10111 01105 1111110111, 105 111115
(11101105 1111111011001, οΧ11111100111 011 1110001001 011 (1011111 105
(11511051110115 1110500105 01 111 5110111100 1101110110 (10 colui qui
105 00111.

'Non-13 0111111111115 11’11 11011 (1010001101. Ces 1011105 110111
11115 010 0011105 110111· 0110 1101111005, 01 (11001011, 011 105 0011-
111111, 110 5011001111 1101111 11 111111511101110 11111 1105101110 11110
1115111110 0010111001011111110 (Ιο 5011 10111115. ll 110 1111111111 que
110111 505 00110511(1101111115, 011 11001 1111 001010 1105 1051101111
(10 10010015. (1011101 11 00111 11 Atticus, 5011 501 105 1111111105
1001101005, 5011 501· 505 1111111105 (10 1111111110, 11 51111 111011 qu'il
50111 1011101115 0011111115, 100010 11 (10011-1001. Il 110111 (10110
511115 inconst-nient, lorsqu'il 1111110 (105 5111015 1101101115, 5’οΧ-
11111001 (1”110(· 111000 1110001111010, 0111010111101· 511 1100500 (111115
11110 allusion, 'voire 11101110 (111115 11110 0111111011 01001100, 110111
1101011101· 110111501011011. 111111 105 1011000005, 105 1111011011-
110115,1(·5 011111505 0110511111115051111101101005,(111111115111011111110
111 101110 1111 1101111111, 011-0 0001111150 (1110 (111 (1051101111ιίνο 1111-
111011100110511111 1111111111110111101001110 110111· 105 001110101101111115.
1110111οκ (1110 (111115 111011 (105 0115 (31001011 10110011 11 11110 101110
(1111 110 11005 051 1101111 1111110000. 011 51111 (11111 110 110115 051
11115 10510 1111 50111 0101 50111 (10 111 11101110 (1111110115.

Il vxistc quelques 0111110115 (105 1011105 110001111111011005 (1’011
01111110011111110 explicatis. Pom· 111 0011001100 0010111010, 105
0111110115 1100100005 (1Ἐ1110511, (10 80111112, (10 (111-1011115, (10

