4 LETTRES DE CAELms A CICERON

1110110 011111101110, fluctuant, 0501110111 ,1115111111 111 011111ος 011
face 110 1111 111 grande figure 110 (105111 qui 50 (110550 1111-
(1055115 110 00 0111105 011 10111101111111011, march-ant ‹l'un 11115
1011110 01 11551110 vers un 11111 lixo, 5’111111·11111111 001111110 10
01101 1111 1111111 1101111111110 01 111111111111111 11111· 505 5110005 111111-
miros 0111111· 505 111110101111051101111111105 11 11105501 1111 110110
5111110511111105 ; 101 051 1”1’11110111·11111 01 111111101111110 11111101111
11111 50 1101111110 «les 1010111110115 0011111111005 1“1 111 111111110 111111
1101111110 «1111111 1111111010, qui 00111 50115 1’1111111·0551011 11111110-
1111110 01 (1110010 1105 111-011011101115.

Mais 111111111 105 11011105 (11110101110111 1111115 00 grand ‹lramo
1115101111110, 11’(ῑ11111110115 11115 00110, 110. (11001011 1111-11101110. Il
1111115 (111110 5011 111110 01 110115 (10551110 5011 0111110101·ος 11 50
monn-0 11 110115 101 (11011 051, 1111111115 1111111111111111 110 011111·-
101111100, 111111 1111011111 110111 1110111111, 1101111010, 1111115 1110011-
5011110111 11100 511 philosophie 01 1111511111 1110)*01· 105 111-10011105
110 511 111011110 devant 105 οΧ10011005 110 111 1111111111110, ,10111111
1105 0115 (111115 111 1011111010 01 1110111111111 10011011 011 1-11 50111-
brol· 10 11111110 11111 110110 111 1”111’111110’1105 1111111110115 01. 1105
chevaliers. 1]”051 1111 5111111111 411111 111111 0110101101· (111115 511
011110511111111111100; 00 511111 505 1101150115, 505 50111111101115
1111111105, 505 01110110115 01 505 111101115505, 505 1101111οΧ1105 01
505 11111111111111115, 505 11111105 01 505 1101111111111005, 5011 11111110-
1151110 111110111. 51111 101111111Ιο van-actoru 011 1111 111111 11111 50
1011010 (111115 505Δ(;(;11111110111·,05. .Ιο (111-1115 101111111015, 011 1110
011-1111111100 111111 anglais 11111 11 111 11111110 1111101111111111, 11110
111 10011110 110 111 01111051101111111100 110 (111-01011 051 11110
11110111007 111-0111111100 01 1111101110111 india-rme. 1310011111 50
1111550 110 11011110 grace i11[(·1·1²05„›0r, 50111101, 101111101; 110115
111111111 505 1101151305, 505 111111111111115 01505 0511011111005 0101111110,
505 1111111105 01 505 110505110115, 505 ,1110011101115 5111 105

11011111105 01 5111105 0110505. Et 1111115 1100011110115 1111115 00110

