2 LETTRES DE CAELIL'S A C1CERON

1100 11111· 105 10111105 110 8111111510, 110115 111011110 comment
105 11111115 50 5111111110111, 001111110111 1111 00111011101110111 051
00111111111110, 11 110111 11111· 1’οΧ110’011111011 11101110 110 5011 111111-
111110, 01 0111111110111 par 1105 11111105 110011111111005 011 111001111ῐο
11110 01-11111111111 11111 1111011111 111111101110111 11 111 destruction 11’1111
011110 5001111. Sylla, mailro 110 11111110, 1111111 1051111110 111 vieille
0011511111111111 1111511101111111110 011 1111511111 10111101· 105 1111111010115
(lans 101115 1111010115 11111110005. ΕΙ] 1110111 1’11111οΖ-1’0115
§avoir 1101111111111 1’1’0111’10 110 Sylla 110 1101111111 1101111 tenir?
Vouloz-wms 1111101101· (111 (111101, 1115 00111105 (10 morl? Vou-
lez-vous 11111011 1111 11101 001111110111 111101ἷο5111111·11111111 sinit
01 0111111111 11 11110 dictatum 110111111111οῩ 19111105 11110 11101110-
1111110 11 11111015 105 1011105 (10 81001011.

1311111 1111 111111 50111 11101 1111101οΠ50 111101011115101·1(1110
11111 511111101ιο 11 001Ιο 0011051101111111100. Si 110115 0Χο01110115
1105111· 01105 01111011105 1105 111105 110111115 110 'sile-Lim, 0110
051 111 501110 111150 1115101111110 5011110 1111111 111 110110110 11111 va
(10 11111 68 11 11111 13 avant J.-C. En ossei, 011 11011015 (10
11111110 110 8111111510, 11110 1101111001111 100111110111 0111111110 1111-
11111111111101 1111111111110, 11 110 10510 111115 0111111110 111111111105 111510-
11111105 11110 Velleius 111011-11111511 8110111110. (11· 005 doux
111510110115 110 11101110111 1110111100 1111’1111111111 1111115 5’1111111110111
oux-memes 5111 1105 11111011105 105110011111105. 11 y 11 111011
Δ111111011, 1)1111111·11110 01 Dion 1,]11551115; 1111115 115 1’1Ῐ·1·111·011111011Χ
5100105 1111105 ciceron et 101110111111110 1111550 511180110101110111
11 11051101.

L’histoirc, 10110 (1110110115 1111·0111’1111·0115 1111115 105 1011105
110 81001011, 11’051 111115 [1115111110 0111111000 5111 1111 1111111 1110-
0011011, 011 grands 01 largvs 1011115, 10110 11110110 1111111111111
1111115 'site-Lim 01, (111115 'rau-ito: (τ’051 1111510110 011 11101-
001111Χ, 1111111111· 1010111, (1000115110, 111100111111111111 011111111111110,
saite 11111· 1111 1101111110 (10 11011110 soi, 101110111 01 11010111, qui

