   
  
   
    
     
   
  
  
  
     
  
  
 
 
 
 
   
     
     
   
     
     
     
   
      
     
      

 

 

77 ,, 7 77,,7 77 77777 7777777 7 777-77777777. 7,7,,77777777 777-,77,7777777777777

77777 77. , 7777 777 7777777777777777 ,,777777777777 7 777,77777,,, 777177777777
77 77 77 7 77 7777. 77 77 77777777, 1777777777,777777777,777777777777777777777777,ῑ
7 77 7, 777 77 7 77777 7. ,7777 7 777777 7777 777777 77 [7777 ,77777 ,777777
,77,777,7 77777777 7777 77 777777 ,7777 J. 777-77777777 7777777 77,777. 77777,7777,77,
,7777777 777 777777 7777 77777777 7 777. Γ777-77,7,77 7κ ,777 ,77, 7,777 ,7777777777
77 777 7777777 77777777 77 777,7777 ,77777777 ,77777 7,,7777 7,][7 ,77,777777777ζ7777 ..32:—
7777 777, 77777777 777777 7777777777 77777777777777 7, ,777 777 777 77777777
7 7 7777 77 ,77 77 7777 ,7 7 , 77,77777777.,7 777777 ,77
77 7777777 7 77 7777777 77 77 7 7 ἶ ,7 777 7.77 7 777 ,777-17777777 “sff—
7 7 77 7 777 777 7 7777 7 ,77. 777,777,77 77777 7 7 ,7777 7,,7. 777 77κ,-,77777.-
77777 77, 7 7 7777777777,77,77777 ,777,7777777777, 777.7 ,7 777-77777177...]
7777777777, 77 7777777 77777777 , 7 77,7,777777,7[,77
7777 7 777 ,,777 77 ,,777777777777,7,7 777777, 7777 77777777 777777
7 777 ,7 777777 ,777,,,.7777777,7,77777, 7777777,,7777777777771777
7 ,77 7 7,7 7κ 7777) 7777κ 77,7 , 7 777777777 7,7 ,777 7777777777 777,7777,777777
,77 777 77777 77 77 ,7777 7777 7 7 77 777777, ,5 ,t-,z 7777777777,-

7 77777777 77777 7777777777777 7 7777, ,7, 7,77κ77777777777, fi ,7 77,
7 7777 ,7 777 77777777 7 ,7,7 ,77 ,7 77 ,7 77 7 ,77 ,7 ,77
7777 77 77 7777 77777 7777777777777 ,77777777 . 7, ,77 ,7777777777 ,sl ,,777777
7,, 777 777 f 7777 77 77777 7 7 777 ,,77777 ,,7,7,77 7777 ,7777 77,77771 ff„ 77 ,77 ,777777 ..7
7 77777 77777 77,7 7777777777 f 777777 77777777 ,777 777777 77,7 777777 77 77 77777777777777
7 7777777 7777777 ῖ 77777777 ,77-77777777..- 77777 ,7777 ,777 ,, 7777 ,77,7
7 77777 , 77777777, ,777777777 7777 7777777( A.) ,77777 ,,7 7717777]
7777, 7 ,7777777777 — , 77,777-777 ,77-,777771 . 77,777- 7 777 7777777777 7,7-,7
77777 777777 77,77 777777 7,7,7777 77777777- 77 7777,77777777777 ,,77777777777 ,7,,77,7,,7

777 7, 777777777777 777 f

77 s 7 777 ,7 — 7777 777, 777777777777777 777777777 77 7777777777
,7 ,777 77,777 71.. 77 ,,77777 7777777777 7777 ,7777777777
77κ 7 , 7. 77 7 77 7777 7,7 777777777777777777777, 7777777ί77777777777777.
ί ,7 777 7 7 77 ,777 7777 7,77,77 7777777777 7777 777777777777 Ηκ777777

7 , 7 77 777777 ,777777 ,777 7777 777777777 ,,777,,7,7,7

77 7 7777 7 77 ,7777777777 77 7 7 777777 77

7, 77. 77777 777 ,7 , 7 7 ,7

7 7 7 77777777 77 ,7 ,77 ,777777 77 777, ,77 7777,Ι

7 77 77 77 7 777777777777 ,777777777777 7, 7777777777777 777. ,,7κ,77

777 77 7 77777 7777 77 77 77,7 7777 7777, 7,77777 77777777777,77 7777 77777 77,777.
7777777 7 77 777777777 7,777777777777 ,, 7777 7777 77,777 7777 f 7777 7777 ,, 77 ,7,,7777
77 ,777 777777777,7,7777777 77 ,,77777777777777
,7777777 77 777 77 7 7777777777- 777777 77,77777 ,777 7777 777 7 ,7,7,,777ι77777

7.. 777κ 7 7 77 777 7,7 77 777777777 77777,7777 77 777777 7777 ,7777 ,77
777κ 7 7 7 vij ,7 7 7, 7777κ 777777 7 777777κ 777777777,
7 77 7 7 7777777 ,77 77777 7777777777777777777 77777 777777 7,7,1777
7 7 77 7 77 77777777 7777 777 77777777 7 7.77,77777,7777,77777
777 777 7 7777777 77777777 777777777 777 777777777777

7 7,7 , 77 ff 777 77 77 77777777, ,7777 77 7777777777,

7 7 77,777 7 7 7,777,7 77,7 777777777 777 777777 7,777777777777 ,777

7 7777777 7777777777777 77777777.777,7,7777777.,77 77777777..

77,7-777777 777 7, ,,77-7777777777 777777 7,7[7777 7,7 ,77-77,7,7η777 [7777771777
,777 77777 7 ,77 7,, ,77 7 777 777777 ,77777777 777777 J ,777-,7 [777-7777777777, 77777,7777
77777 77777777. 7777777777 77 777 ,7777777 7777777777777777777 77ι7 ,777777777777777
777777 ,7777777777 ,7777777 777 ..7777777777 ,7, [7777777..-,.7,7,7777,77 77777717777777
777-7777777777] [77,7 777 777777, ,777 77777777771777 ,77] 177777777777777777

,777,7,7,. [77ι.7,777 7777777... ,7,77 7,7 w.. [777-,77,7 7

[7777777777777 ,7777777777-

7ι77 7,77[,7κ,,7777777,7

 

 

 

