44 LETTRES DE 04:st A CICERON

(105111- 011111 all& 011 Epire 11 13 110111511110 (10 1)01111)(”0 01 (111110
1131111110 (10015110. Et 00 11311110 sou (10 (11011115, exalt& 01 311010
pai· Ι’111111111101100 01 111 1311011110, 1101153 (1110 001311 10 moment
(10111101 011 500110, 01 (10101101 10 1010 (1110 (30531 50111111311311311-
(10111101, 011 5000153111 la 101110 1131 1111 111οι11131111110 0110111111110111
5001311510. 801110101110111 (111 110111110, 111101111011 (105 (101105 01 (105
01·(’·1111(·1015;0“051 11110 010 11011101Ιο (1111001111110110οῑ (5051 10 1110-
31111111110 (10 Catilina 1031150 01 Marcus (31011115110110 011 111011111110
0011111ιο 10 101110550111 (105 injus-ticos sociales.

Cwlius 50 1110111111 311151 011 111110 (11110110 11100 Cesar 011 oppo-
53111 5011 1110111111111110 1111 51011. Car (305111 nas-ait 1135 01111110 505
(1010115 (10 01101 (111 113111 11011013110. 11 avait fait 1135501 11110101
5111· 105 (10111501 10 1111010111 Trebonius 01311, 011 1111111 (10 111 13110
0500111111. Les (11511051110115 (10 00110 101 01310111 0101101005 01
1111111111111 (10 11311110. a satisfaire 105 111115 0510031115. Ε110 1101-
1311 (1110 (13115 10113101110111 (105 (101105 011 (1001111311, (111 03111131
105 inim-&ts (10111 113105 01 (1110 105 0103001015 300011101310111011
113101110111 105 1110115 (105 (1011110015 05111005 1131 (105 1111111105
(1311105 10111 1310111 avant la guerre. (110111151101153 (1110 005 (101111-
1110511105, (1111 01310111 0011000331113551111101110111 1010111110111131105,
111000111011101310111 105 (1011110015, 01 11 10501111 d’exploitor 00
111000111011101110111 a 5011 1110111. Pondant (1110 10 11101001 Tremo-
111115 ι1111101111 105 0011105111110115 5011101005 11111· 1”0511111311011 (105
311111105, Caelius vint 1113001 53 0113150. 01111110 a 0010 (10 00110 (10
5011 colleg-110 01 ‹iffi-it l'appui (10 5011 1111101110 11101011011110 aux
(10111101115 qui 10111501310111 (10 50 501111101110. « Υο111011 0011501101
1111110105 505 111011110105, (111 (Ii-sai· 311 511101 (10 001 11101(10111 gro-
10511110, 10111 011 3101111111 (1110 1“(111 (1011, (1110110 051 (10110 00110
sagon (10 11011501, (1110110 051 (10110 00110 11111)11(1011(·0·.) 11 (B. C.
111, 201.) Et 10 1101111111 11011511 001111110, (3051111 il 110 111 nulle
attention a Caelius 0111 n'y 011131101111 3111101. 1111113111 1110111 prix
113111101 sort, Caelius proposa 11110 1111110 101 (1311105 laquelle les
(101105 5011110111 1131005 011 six 10111105 3111111015 a 11111111· de 00
1110010111, 01 53115 10101015. Ρο11550 11 110111 pal· 13 1051513000 du
consul Servilius 01 (105 3111105 magistrats, il 50 ι1013 a corps

. 1. Yoyoz, 110111· 111 ssi-&turo (10 (110- civili, 111. elifio-23, d’osi nous 1110115
11115 01 505 1101111015 actes, <le Bello , 005 details.

